
0	0	0	0	0	0
0	0	0	0	0	0
0	0	0	0	-60	0
0	0	0	0	-60	0
0	0	0	0	-60	0
0	0	0	0	-60	0
0	0	0	0	-60	0
0	0	0	0	-60	0
0	0	0	0	-60	0
0	0	0	0	-60	0
0	0	0	0	-60	0
0	0	0	0	-60	0
0	0	0	0	-60	0
0	0	0	0	-60	0
0	0	0	0	-60	0
0	0	0	0	-60	0
0	0	0	0	-60	0
0	0	0	0	-60	0
0	0	0	0	-60	0
0	0	0	0	-60	0
0	0	0	0	-60	0
0	0	0	0	-60	0
0	0	0	0	-60	0
0	0	0	0	-60	0
0	0	0	0	-60	0
0	0	0	0	-60	0
0	0	0	0	-60	0
0	0	0	0	-60	0
0	0	0	0	-60	0
0	0	0	0	-60	0
0	0	0	0	-60	0
0	0	0	0	-60	0
0	0	0	0	-60	0
0	0	0	0	-60	0
0	0	0	0	-60	0
0	0	0	0	0	0
0	0	0	0	0	0
0	0	0	0	0	100
0	0	0	0	0	100
0	0	0	0	0	100
0	0	0	0	0	100
0	0	0	0	0	100
0	0	0	0	0	100
0	0	0	0	0	100
0	0	0	0	0	100
0	0	0	0	0	100
0	0	0	0	0	100
0	0	0	0	0	100
0	0	0	0	0	100
0	0	0	0	0	100
0	0	0	0	0	100
0	0	0	0	0	100
0	0	0	0	0	100
0	0	0	0	0	100
0	0	0	0	0	100
0	0	0	0	0	100
0	0	0	0	0	0
0	0	0	0	0	0
0	0	0	0	0	0
0	0	0	0	0	-100
0	0	0	0	0	-100
0	0	0	0	0	-100
0	0	0	0	0	-100
0	0	0	0	0	-100
0	0	0	0	0	-100
0	0	0	0	0	-100
0	0	0	0	0	-100
0	0	0	0	0	-100
0	0	0	0	0	-100
0	0	0	0	0	-100
0	0	0	0	0	-100
0	0	0	0	0	-100
0	0	0	0	0	-100
0	0	0	0	0	-100
0	0	0	0	0	-100
0	0	0	0	0	-100
0	0	0	0	0	-100
0	0	0	0	60	0
0	0	0	0	60	0
0	0	0	0	60	0
0	0	0	0	60	0
0	0	0	0	60	0
0	0	0	0	60	0
0	0	0	0	60	0
0	0	0	0	60	0
0	0	0	0	60	0
0	0	0	0	60	0
0	0	0	0	60	0
0	0	0	0	60	0
0	0	0	0	60	0
0	0	0	0	60	0
0	0	0	0	60	0
0	0	0	0	60	0
0	0	0	0	60	0
0	0	0	0	60	0
0	0	0	0	60	0
0	0	0	0	60	0
0	0	0	0	60	0
0	0	0	0	60	0
0	0	0	0	60	0
0	0	0	0	60	0
0	0	0	0	60	0
0	0	0	0	60	0
0	0	0	0	60	0
0	0	0	0	60	0
0	0	0	0	60	0
0	0	0	0	0	0
0	0	0	0	0	0
0	0	0	0	0	200
0	0	0	0	0	200
0	0	0	0	0	200
0	0	0	0	0	200
0	0	0	0	0	200
0	0	0	0	0	200
0	0	0	0	0	200
0	0	0	0	0	200
0	0	0	0	0	200
0	0	0	0	0	200
0	0	0	0	0	200
0	0	0	0	0	200
0	0	0	0	0	200
0	0	0	0	0	200
0	0	0	0	0	200
0	0	0	0	0	0
0	0	0	0	0	0
0	0	-150	0	0	-200
0	0	-150	0	0	-200
0	0	-150	0	0	-200
0	0	-150	0	0	-200
0	0	-150	0	0	-200
0	0	-150	0	0	-200
0	0	-150	0	0	-200
0	0	-150	0	0	-200
0	0	-150	0	0	-200
0	0	-150	0	0	-200
0	0	-150	0	0	-200
0	0	-150	0	0	-200
0	0	-150	0	0	-200
0	0	-150	0	0	-200
0	0	-150	0	0	-200
0	0	0	0	0	0
-14	0	0	0	0	0
-31	0	0	0	0	0
-45	0	0	0	0	0
-42	0	0	0	0	0
-45	0	0	0	0	0
-45	0	0	0	0	0
-45	0	0	0	0	0
-42	0	0	0	0	0
0	0	0	0	0	0
0	0	0	0	0	0


-1	0	0	0	0	0
-1	0	0	0	0	0
-1	0	0	0	0	0
-1	0	0	0	0	0
-1	0	0	0	0	0
-6	0	0	0	0	0
-9	0	0	0	0	0
-9	0	0	0	0	0
-28	0	0	0	0	0
-31	0	0	0	0	0
-34	0	0	0	0	0
-34	0	0	0	0	0
-34	0	0	0	0	0
-36	0	0	0	0	0
-31	0	0	0	0	0
-34	0	0	0	0	0
0	0	0	0	0	0
0	0	0	0	0	0
3	0	0	0	0	200
4	0	0	0	0	200
6	0	0	0	0	200
6	0	0	0	0	200
9	0	0	0	0	200
28	0	0	0	0	200
33	0	0	0	0	200
47	0	0	0	0	200
58	0	0	0	0	200
59	0	0	0	0	200
59	0	0	0	0	200
59	0	0	0	0	200
58	0	0	0	0	200
59	0	0	0	0	200
59	0	0	0	0	200
59	0	0	0	0	200
58	0	0	0	0	200
58	0	0	0	0	0
58	0	0	0	0	0
58	0	0	0	0	0
58	0	0	0	0	0
58	0	0	0	0	0
58	0	0	0	0	0
0	0	0	0	0	0
0	0	0	0	0	0
0	0	0	0	0	0
0	-4	0	0	0	0
0	-5	0	0	0	0
0	-5	0	0	0	0
0	-5	0	0	0	0
0	-5	0	0	0	0
0	-5	0	0	0	0
0	-5	0	0	0	0
0	-5	0	0	0	0
0	-6	0	0	0	0
0	-6	0	0	0	0
0	-6	0	0	0	0
0	-8	0	0	0	0
0	-14	0	0	0	0
0	-14	0	0	0	0
0	-14	0	0	0	0
0	-14	0	0	0	0
0	-15	0	0	0	0
0	-13	0	0	0	0
0	-15	0	0	0	0
0	-14	0	0	0	0
0	-15	0	0	0	0
0	-15	0	0	0	0
0	-15	0	0	0	0
0	-20	0	0	0	0
0	-23	0	0	0	0
0	-22	0	0	0	0
0	-23	0	0	0	0
0	-23	0	0	0	0
0	-23	0	0	0	0
0	-24	0	0	0	0
0	-24	0	0	0	0
0	-23	0	0	0	0
0	-23	0	0	0	0
0	-23	0	0	0	0
0	-23	0	0	0	0
0	-23	0	0	0	0
0	-23	0	0	0	0
0	-23	0	0	0	0
0	-24	0	0	0	0
0	-27	0	0	0	0
0	-29	0	0	0	0
0	-28	0	0	0	0
0	-29	0	0	0	0
0	-23	0	0	0	0
0	-23	0	0	0	0
0	-2	0	0	0	0
-129	0	0	0	0	0
-139	0	0	0	0	0
-149	0	0	0	0	0
-159	0	0	0	0	0
-169	0	0	0	0	0
-179	0	0	0	0	0
-180 	0	0	0	0	0
-180 	0	0	0	0	0
-180 	0	0	0	0	0
-180 	0	0	0	0	0
-180 	0	0	0	0	0
-180 	0	0	0	0	0
-180 	0	0	0	0	0
-180 	0	0	0	0	0
-180 	0	0	0	0	0
-150	0	0	0	0	0
-150 	0	0	0	0	0
-150 	0	0	0	0	0
-150 	0	0	0	0	0
-150 	0	0	0	0	0
-150 	0	0	0	0	0
-150 	0	0	0	0	0
-150 	0	0	0	0	0
-150 	0	0	0	0	0
-150 	0	0	0	0	0
-150 	0	0	0	0	0
-150 	0	0	0	0	0
-140 	0	0	0	0	0
-130 	0	0	0	0	0
-120 	0	0	0	0	0
-110 	0	0	0	0	0
-100 	0	0	0	0	0
-90 	0	0	0	0	0
-90 	0	0	0	0	0
-90 	0	0	0	0	0