0	0	0	0	0	0
-17	0	0	0	0	0
-34	0	0	0	0	0
-50	0	0	0	0	0
-62	0	0	0	0	0
-67	0	0	0	0	0
-67	0	0	0	0	0
-67	0	0	0	0	0
-69	0	0	0	0	0
-67	0	0	0	0	0
-67	0	0	0	0	0
-69	0	0	0	0	0
-67	0	0	0	0	0
-67	0	0	0	0	0
-67	0	0	0	0	0
-69	0	0	0	0	0
-67	0	0	0	0	0
-67	0	0	0	0	0
-69	0	0	0	0	0
-67	0	0	0	0	0
-67	0	0	0	0	0
-67	0	0	0	0	0
-69	0	0	0	0	0
-69	0	0	0	0	0
-69	0	0	0	0	0
-69	0	0	0	0	0
-69	0	0	0	0	0
-67	0	0	0	0	0
-69	0	0	0	0	0
-67	0	0	0	0	0
-64	0	0	0	0	0
-39	0	0	0	0	0
0	0	0	0	0	0
0	0	0	0	0	0
0	0	0	75	0	0
0	0	0	75	0	0
0	0	0	75	0	0
0	0	0	75	0	0
0	0	0	75	0	0
0	0	0	75	0	0
0	0	0	75	0	0
0	0	0	75	0	0
0	0	0	75	0	0
0	0	0	75	0	0
0	0	0	75	0	0
0	0	0	75	0	0
0	0	0	75	0	0
0	0	0	75	0	0
0	0	0	75	0	0
0	0	0	75	0	0
0	0	0	75	0	0
0	0	0	75	0	0
0	0	0	75	0	0
0	0	0	75	0	0
0	0	0	75	0	0
0	0	0	75	0	0
0	0	0	75	0	0
0	0	0	75	0	0
0	0	0	75	0	0
0	0	0	75	0	0
0	0	0	75	0	0
0	0	0	75	0	0
0	0	0	75	0	0
0	0	0	75	0	0
0	0	0	75	0	0
0	0	0	75	0	0
0	0	0	75	0	0
0	0	0	75	0	0
0	0	0	75	0	0
0	0	0	75	0	0
0	0	0	75	0	0
0	0	0	75	0	0
0	0	0	0	0	0
0	0	0	0	0	0
4	0	0	0	0	0
20	0	0	0	0	0
29	0	0	0	0	0
29	0	0	0	0	0
31	0	0	0	0	0
29	0	0	0	0	0
29	0	0	0	0	0
31	0	0	0	0	0
31	0	0	0	0	0
29	0	0	0	0	0
29	0	0	0	0	0
31	0	0	0	0	0
29	0	0	0	0	0
31	0	0	0	0	0
29	0	0	0	0	0
29	0	0	0	0	0
31	0	0	0	0	0
29	0	0	0	0	0
31	0	0	0	0	0
29	0	0	0	0	0
31	0	0	0	0	0
31	0	0	0	0	0
31	0	0	0	0	0
31	0	0	0	0	0
31	0	0	0	0	0
31	0	0	0	0	0
36	0	0	0	0	0
47	0	0	0	0	0
50	0	0	0	0	0
50	0	0	0	0	0
50	0	0	0	0	0
50	0	0	0	0	0
50	0	0	0	0	0
50	0	0	0	0	0
50	0	0	0	0	0
50	0	0	0	0	0
50	0	0	0	0	0
50	0	0	0	0	0
50	0	0	0	0	0
50	0	0	0	0	0
50	0	0	0	0	0
50	0	0	0	0	0
50	0	0	0	0	0
50	0	0	0	0	0
50	0	0	0	0	0
50	0	0	0	0	0
50	0	0	0	0	0
50	0	0	0	0	0
50	0	0	0	0	0
50	0	0	0	0	0
50	0	0	0	0	0
50	0	0	0	0	0
50	0	0	0	0	0
48	0	0	0	0	0
48	0	0	0	0	0
0	0	0	0	0	0
0	0	0	0	0	0
0	-2	0	0	0	0
0	-4	0	0	0	0
0	-4	0	0	0	0
0	-4	0	0	0	0
0	-4	0	0	0	0
0	-5	0	0	0	0
0	-13	0	0	0	0
0	-22	0	0	0	0
0	-22	0	0	0	0
0	-23	0	0	0	0
0	-24	0	0	0	0
0	-23	0	0	0	0
0	-22	0	0	0	0
0	-23	0	0	0	0
0	-23	0	0	0	0
0	-23	0	0	0	0
0	-23	0	0	0	0
0	-23	0	0	0	0
0	-23	0	0	0	0
0	-23	0	0	0	0
0	-23	0	0	0	0
0	-23	0	0	0	0
0	-23	0	0	0	0
0	-24	0	0	0	0
0	-23	0	0	0	0
0	-26	0	0	0	0
0	-25	0	0	0	0
0	-26	0	0	0	0
0	-26	0	0	0	0
0	-32	0	0	0	0
0	-36	0	0	0	0
0	-36	0	0	0	0
0	-36	0	0	0	0
0	-36	0	0	0	0
0	-36	0	0	0	0
0	-36	0	0	0	0
0	-36	0	0	0	0
0	-36	0	0	0	0
0	-36	0	0	0	0
0	-36	0	0	0	0
0	-36	0	0	0	0
0	-36	0	0	0	0
0	-36	0	0	0	0
0	-36	0	0	0	0
0	-26	0	0	0	0
0	0	0	0	0	0
0	0	0	0	0	0
0	0	0	0	0	0
3	0	0	0	0	0
29	0	0	0	0	0
37	0	0	0	0	0
55	0	0	0	0	0
64	0	0	0	0	0
72	0	0	0	0	0
81	0	0	0	0	0
88	0	0	0	0	0
91	0	0	0	0	0
0	0	0	0	0	0
0	0	0	0	0	0
-1	0	-150	0	0	0
-1	0	-150	0	0	0
-1	0	-150	0	0	0
-1	0	-150	0	0	0
-3	0	-150	0	0	0
-1	0	-150	0	0	0
-50	0	-150	0	0	0
-50	0	-150	0	0	0
-51	0	-150	0	0	0
-69	0	-150	0	0	0
-67	0	-150	0	0	0
-67	0	-150	0	0	0
-64	0	-150	0	0	0
-67	0	-150	0	0	0
-64	0	-150	0	0	0
-67	0	-150	0	0	0
-67	0	-150	0	0	0
-64	0	-150	0	0	0
-67	0	-150	0	0	0
-64	0	-150	0	0	0
-62	0	-150	0	0	0
-67	0	-150	0	0	0
-64	0	-150	0	0	0
-67	0	-150	0	0	0
-67	0	-150	0	0	0
-67	0	-150	0	0	0
-67	0	-150	0	0	0
-67	0	-150	0	0	0
-64	0	-150	0	0	0
-67	0	-150	0	0	0
-67	0	-150	0	0	0
-64	0	-150	0	0	0
-67	0	-150	0	0	0
-64	0	-150	0	0	0
-64	0	-150	0	0	0
-67	0	-150	0	0	0
-67	0	-150	0	0	0
-62	0	-150	0	0	0
-64	0	-150	0	0	0
-64	0	-150	0	0	0
-62	0	-150	0	0	0
-64	0	-150	0	0	0
-64	0	-150	0	0	0
-64	0	-150	0	0	0
-64	0	-150	0	0	0
-64	0	-150	0	0	0
-64	0	-150	0	0	0
-64	0	-150	0	0	0
-64	0	-150	0	0	0
-64	0	-150	0	0	0
-62	0	-150	0	0	0
-67	0	-150	0	0	0
-64	0	-150	0	0	0
-64	0	-150	0	0	0
-67	0	-150	0	0	0
-64	0	-150	0	0	0
-64	0	-150	0	0	0
-64	0	-150	0	0	0
-64	0	-150	0	0	0
-67	0	-150	0	0	0
-36	0	-150	0	0	0
0	0	-150	0	0	0
0	0	-150	0	0	0
0	0	-150	0	0	0
0	0	-150	0	0	0
0	0	-150	0	0	0
0	0	-150	0	0	0
0	0	-150	0	0	0
0	0	-150	0	0	0
0	0	-150	0	0	0
0	0	-150	0	0	0
0	0	-150	0	0	0
0	0	-150	0	0	0
0	0	-150	0	0	0
0	0	-150	0	0	0
0	0	-150	0	0	0
0	0	-150	0	0	0
0	0	-150	0	0	0
4	0	-150	0	0	0
17	0	-150	0	0	0
28	0	-150	0	0	0
40	0	-150	0	0	0
50	0	-150	0	0	0
50	0	-150	0	0	0
50	0	-150	0	0	0
51	0	-150	0	0	0
51	0	-150	0	0	0
51	0	-150	0	0	0
50	0	-150	0	0	0
50	0	-150	0	0	0
69	0	-150	0	0	0
81	0	-150	0	0	0
50	0	-150	0	0	0
0	0	-150	0	0	0
0	0	-150	0	0	0


0	0	-150	0	0	0
0	0	-150	0	0	0
0	0	-150	0	0	0
4	0	-150	0	0	0
4	0	-150	0	0	0
3	0	-150	0	0	0
4	0	-150	0	0	0
4	0	-150	0	0	0
3	0	-150	0	0	0
4	0	-150	0	0	0
4	0	-150	0	0	0
7	0	-150	0	0	0
9	0	-150	0	0	0
20	0	-150	0	0	0
20	0	-150	0	0	0
25	0	-150	0	0	0
25	0	-150	0	0	0
31	0	-150	0	0	0
33	0	-150	0	0	0
33	0	-150	0	0	0
33	0	-150	0	0	0
31	0	-150	0	0	0
33	0	-150	0	0	0
33	0	-150	0	0	0
33	0	-150	0	0	0
33	0	-150	0	0	0
33	0	-150	0	0	0
33	0	-150	0	0	0
33	0	-150	0	0	0
33	0	-150	0	0	0
33	0	-150	0	0	0
33	0	-150	0	0	0
33	0	-150	0	0	0
33	0	-150	0	0	0
33	0	-150	0	0	0
33	0	-150	0	0	0
33	0	-150	0	0	0
33	0	-150	0	0	0
33	0	-150	0	0	0
33	0	-150	0	0	0
33	0	-150	0	0	0
33	0	-150	0	0	0
33	0	-150	0	0	0
33	0	-150	0	0	0
33	0	-150	0	0	0
33	0	-150	0	0	0
33	0	-150	0	0	0
33	0	-150	0	0	0
33	3	-150	0	0	0
33	4	-150	0	0	0
33	5	-150	0	0	0
33	6	-150	0	0	0
33	6	-150	0	0	0
33	11	-150	0	0	0
33	11	-150	0	0	0
33	11	-150	0	0	0
33	12	-150	0	0	0
33	13	-150	0	0	0
33	13	-150	0	0	0
31	13	-150	0	0	0
31	13	-150	0	0	0
20	13	-150	0	0	0
0	15	-150	0	0	0
0	19	-150	0	0	0
0	23	-150	0	0	0
0	23	-150	0	0	0
0	23	-150	0	0	0
0	23	-150	0	0	0
0	23	-150	0	0	0
0	25	-150	0	0	0
0	25	-150	0	0	0
0	26	-150	0	0	0
0	26	-150	0	0	0
0	25	-150	0	0	0
0	26	-150	0	0	0
0	26	-150	0	0	0
0	26	-150	0	0	0
0	25	-150	0	0	0
0	26	-150	0	0	0
0	25	-150	0	0	0
0	26	-150	0	0	0
0	25	-150	0	0	0
0	26	-150	0	0	0
0	25	-150	0	0	0
0	26	-150	0	0	0
0	25	-150	0	0	0
0	25	-150	0	0	0
0	26	-150	0	0	0
0	26	-150	0	0	0
0	25	-150	0	0	0
0	26	-150	0	0	0
0	24	-150	0	0	0
0	0	-150	0	0	0
0	0	-150	0	0	0
0	0	-150	0	0	0
0	0	-150	0	0	0
7	0	-150	0	0	0
9	0	-150	0	0	0
26	0	-150	0	0	0
28	0	-150	0	0	0
31	0	-150	0	0	0
29	0	-150	0	0	0
31	0	-150	0	0	0
31	0	-150	0	0	0
37	0	-150	0	0	0
40	0	-150	0	0	0
40	0	-150	0	0	0
26	0	-150	0	0	0
4	0	-150	0	0	0
0	0	-150	0	0	0
0	0	-150	0	0	0
0	0	-150	0	0	0
0	0	-150	0	0	0
0	0	-150	0	0	0
0	-7	-150	0	0	0
0	-28	-150	0	0	0
0	-28	-150	0	0	0
0	-28	-150	0	0	0
0	-28	-150	0	0	0
0	-28	-150	0	0	0
0	-15	-150	0	0	0
0	-8	-150	0	0	0
0	-9	-150	0	0	0
0	0	-150	0	0	0
0	0	-150	0	0	0
0	0	-150	0	0	0
0	0	-150	0	0	0
0	0	-150	0	0	0
0	0	-150	0	0	0
0	0	-150	0	0	0
0	0	-150	0	0	0
50	0	-150	0	0	0
50	0	-150	0	0	0
50	0	-150	0	0	0
50	0	-150	0	0	0
0	0	-150	0	0	0
0	0	-150	0	0	0
0	0	-150	0	0	0
0	0	-150	0	0	0
0	0	-150	0	0	0
0	0	-150	0	0	0
0	0	-150	0	0	0
0	0	-150	0	0	0
0	0	-150	0	0	0
0	0	-150	0	0	0
0	0	-150	0	0	0
0	0	-150	0	0	0
0	0	-150	0	0	0
0	0	-150	0	0	0
0	0	-150	0	0	0
0	0	-150	0	0	0
0	0	-150	0	0	0
0	0	-150	75	0	0
0	0	-150	75	0	0
0	0	-150	75	0	0
0	0	-150	75	0	0
0	0	-150	75	0	0
0	0	-150	75	0	0
0	0	-150	75	0	0
0	0	-150	75	0	0
0	0	-150	75	0	0
0	0	-150	75	0	0
0	0	-150	75	0	0
0	0	-150	75	0	0
0	0	-150	75	0	0
0	0	-150	75	0	0
0	0	-150	75	0	0
0	0	-150	75	0	0
0	0	-150	75	0	0
0	0	-150	75	0	0
0	0	-150	75	0	0
0	0	-150	75	0	0
0	0	-150	75	0	0
0	0	-150	75	0	0
0	0	-150	75	0	0
0	0	-150	75	0	0
0	0	-150	75	0	0
0	0	-150	75	0	0
0	0	-150	75	0	0
0	0	-150	75	0	0
0	0	-150	75	0	0
0	0	-150	75	0	0
0	0	-150	75	0	0
0	0	-150	75	0	0
0	0	-150	75	0	0
0	0	-150	0	0	0
0	0	-150	0	0	0


0	0	0	0	0	0
0	0	0	0	0	0
0	0	0	0	0	0
0	2	0	0	0	0
0	3	0	0	0	0
0	6	0	0	0	0
0	13	0	0	0	0
0	16	0	0	0	0
0	17	0	0	0	0
0	17	0	0	0	0
0	18	0	0	0	0
0	18	0	0	0	0
0	18	0	0	0	0
0	23	0	0	0	0
0	27	0	0	0	0
0	27	0	0	0	-100
0	31	0	0	0	-100
0	32	0	0	0	-100
0	34	0	0	0	-100
0	34	0	0	0	-100
0	34	0	0	0	-100
0	36	0	0	0	-100
0	38	0	0	0	-100
0	39	0	0	0	-100
0	39	0	0	0	-100
0	39	0	0	0	-100
0	39	0	0	0	-100
0	39	0	0	0	-100
0	39	0	0	0	-100
0	40	0	0	0	-100
0	41	0	0	0	-100
0	45	0	0	0	-100
0	47	0	0	0	-100
0	49	0	0	0	-100
0	49	0	0	0	-100
0	49	0	0	0	-100
0	49	0	0	0	-100
0	49	0	0	0	-100
0	49	0	0	0	-100
0	49	0	0	0	0
0	49	0	0	0	0
0	49	0	0	0	0
0	47	0	0	0	0
0	36	0	0	0	0
0	0	0	0	0	0
0	0	0	0	0	0
3	0	0	0	0	0
3	0	0	0	0	0
3	0	0	0	0	0
11	0	0	0	0	0
15	0	0	0	0	0
20	0	0	0	0	0
18	0	0	0	0	0
22	0	0	0	0	0
26	0	0	0	0	0
26	0	0	0	0	0
26	0	0	0	0	0
26	0	0	0	0	0
26	0	0	0	0	0
28	0	0	0	0	0
31	0	0	0	0	0
33	0	0	0	0	0
36	0	0	0	0	0
36	0	0	0	0	0
36	0	0	0	0	0
36	0	0	0	0	0
36	0	0	0	0	0
36	0	0	0	0	0
36	0	0	0	0	0
36	0	0	0	0	0
36	0	0	0	0	0
36	0	0	0	0	0
36	0	0	0	0	0
36	0	0	0	0	0
36	0	0	0	0	0
36	0	0	0	0	0
36	0	0	0	0	0
36	0	0	0	0	0
36	0	0	0	0	0
36	0	0	0	0	0
36	0	0	0	0	0
33	0	0	0	0	0
29	0	0	0	0	0
26	0	0	0	0	0
28	0	0	0	0	0
25	0	0	0	0	0
22	0	0	0	0	0
22	0	0	0	0	0
22	0	0	0	0	0
22	0	0	0	0	0
0	0	0	0	0	0


0	0	0	0	0	0
0	0	0	0	0	0
6	0	0	0	0	0
11	0	0	0	0	0
15	0	0	0	0	0
15	0	0	0	0	0
15	0	0	0	0	0
17	0	0	0	0	0
22	0	0	0	0	0
26	0	0	0	0	0
31	0	0	0	0	0
31	0	0	0	0	0
31	0	0	0	0	0
29	0	0	0	0	0
29	0	0	0	0	0
29	0	0	0	0	0
29	0	0	0	0	0
29	0	0	0	0	0
31	0	0	0	0	0
29	0	0	0	0	0
29	0	0	0	0	0
31	0	0	0	0	0
29	0	0	0	0	0
29	0	0	0	0	0
29	0	0	0	0	0
28	0	0	0	0	0
0	0	0	0	0	0
0	0	0	0	0	0
0	0	0	0	0	0
0	0	0	0	0	0
0	0	0	0	0	0
0	0	0	0	-60	0
0	0	0	0	-60	0
0	0	0	0	-60	0
0	0	0	0	-60	0
0	0	0	0	-60	0
0	0	0	0	-60	0
0	0	0	0	-60	0
0	0	0	0	-60	0
0	0	0	0	-60	0
0	0	0	0	-60	0
0	0	0	0	-60	0
0	0	0	0	-60	0
0	0	0	0	-60	0
0	0	0	0	-60	0
0	0	0	0	-60	0
0	0	0	0	-60	0
0	0	0	0	-60	0
0	0	0	0	-60	0
0	0	0	0	-60	0
0	0	0	0	-60	0
0	0	0	0	-60	0
0	0	0	0	-60	0
0	0	0	0	-60	0
0	0	0	0	-60	0
0	0	0	0	-60	0
0	0	0	0	-60	0
0	0	0	0	-60	0
0	0	0	0	-60	0
0	0	0	0	-60	0
0	0	0	0	-60	0
0	0	0	0	-60	0
0	0	0	0	-60	0
0	0	0	0	-60	0
0	0	0	0	0	0
0	0	0	0	0	0
0	0	0	0	0	100
0	0	0	0	0	100
0	0	0	0	0	100
0	0	0	0	0	100
0	0	0	0	0	100
0	0	0	0	0	100
0	0	0	0	0	100
0	0	0	0	0	100
0	0	0	0	0	100
0	0	0	0	0	100
0	0	0	0	0	100
0	0	0	0	0	100
0	0	0	0	0	100
0	0	0	0	0	100
0	0	0	0	0	100
0	0	0	0	0	100
0	0	0	0	0	100
0	0	0	0	0	100
0	0	0	0	0	100
0	0	0	0	0	0
0	0	0	0	0	0
0	0	0	0	0	0
0	0	0	0	0	-100
0	0	0	0	0	-100
0	0	0	0	0	-100
0	0	0	0	0	-100
0	0	0	0	0	-100
0	0	0	0	0	-100
0	0	0	0	0	-100
0	0	0	0	0	-100
0	0	0	0	0	-100
0	0	0	0	0	-100
0	0	0	0	0	-100
0	0	0	0	0	-100
0	0	0	0	0	-100
0	0	0	0	0	-100
0	0	0	0	0	-100
0	0	0	0	0	-100
0	0	0	0	0	-100
0	0	0	0	0	-100
0	0	0	0	60	0
0	0	0	0	60	0
0	0	0	0	60	0
0	0	0	0	60	0
0	0	0	0	60	0
0	0	0	0	60	0
0	0	0	0	60	0
0	0	0	0	60	0
0	0	0	0	60	0
0	0	0	0	60	0
0	0	0	0	60	0
0	0	0	0	60	0
0	0	0	0	60	0
0	0	0	0	60	0
0	0	0	0	60	0
0	0	0	0	60	0
0	0	0	0	60	0
0	0	0	0	60	0
0	0	0	0	60	0
0	0	0	0	60	0
0	0	0	0	60	0
0	0	0	0	60	0
0	0	0	0	60	0
0	0	0	0	60	0
0	0	0	0	60	0
0	0	0	0	60	0
0	0	0	0	60	0
0	0	0	0	60	0
0	0	0	0	60	0
0	0	0	0	0	0
0	0	0	0	0	0
0	0	0	0	0	200
0	0	0	0	0	200
0	0	0	0	0	200
0	0	0	0	0	200
0	0	0	0	0	200
0	0	0	0	0	200
0	0	0	0	0	200
0	0	0	0	0	200
0	0	0	0	0	200
0	0	0	0	0	200
0	0	0	0	0	200
0	0	0	0	0	200
0	0	0	0	0	200
0	0	0	0	0	200
0	0	0	0	0	200
0	0	0	0	0	0
0	0	0	0	0	0
0	0	-150	0	0	-200
0	0	-150	0	0	-200
0	0	-150	0	0	-200
0	0	-150	0	0	-200
0	0	-150	0	0	-200
0	0	-150	0	0	-200
0	0	-150	0	0	-200
0	0	-150	0	0	-200
0	0	-150	0	0	-200
0	0	-150	0	0	-200
0	0	-150	0	0	-200
0	0	-150	0	0	-200
0	0	-150	0	0	-200
0	0	-150	0	0	-200
0	0	-150	0	0	-200
0	0	0	0	0	0
-14	0	0	0	0	0
-31	0	0	0	0	0
-45	0	0	0	0	0
-42	0	0	0	0	0
-45	0	0	0	0	0
-45	0	0	0	0	0
-45	0	0	0	0	0
-42	0	0	0	0	0
0	0	0	0	0	0
0	0	0	0	0	0


-1	0	0	0	0	0
-1	0	0	0	0	0
-1	0	0	0	0	0
-1	0	0	0	0	0
-1	0	0	0	0	0
-6	0	0	0	0	0
-9	0	0	0	0	0
-9	0	0	0	0	0
-28	0	0	0	0	0
-31	0	0	0	0	0
-34	0	0	0	0	0
-34	0	0	0	0	0
-34	0	0	0	0	0
-36	0	0	0	0	0
-31	0	0	0	0	0
-34	0	0	0	0	0
0	0	0	0	0	0
0	0	0	0	0	0
3	0	0	0	0	200
4	0	0	0	0	200
6	0	0	0	0	200
6	0	0	0	0	200
9	0	0	0	0	200
28	0	0	0	0	200
33	0	0	0	0	200
47	0	0	0	0	200
58	0	0	0	0	200
59	0	0	0	0	200
59	0	0	0	0	200
59	0	0	0	0	200
58	0	0	0	0	200
59	0	0	0	0	200
59	0	0	0	0	200
59	0	0	0	0	200
58	0	0	0	0	200
58	0	0	0	0	0
58	0	0	0	0	0
58	0	0	0	0	0
58	0	0	0	0	0
58	0	0	0	0	0
58	0	0	0	0	0
0	0	0	0	0	0
0	0	0	0	0	0
0	0	0	0	0	0
0	-4	0	0	0	0
0	-5	0	0	0	0
0	-5	0	0	0	0
0	-5	0	0	0	0
0	-5	0	0	0	0
0	-5	0	0	0	0
0	-5	0	0	0	0
0	-5	0	0	0	0
0	-6	0	0	0	0
0	-6	0	0	0	0
0	-6	0	0	0	0
0	-8	0	0	0	0
0	-14	0	0	0	0
0	-14	0	0	0	0
0	-14	0	0	0	0
0	-14	0	0	0	0
0	-15	0	0	0	0
0	-13	0	0	0	0
0	-15	0	0	0	0
0	-14	0	0	0	0
0	-15	0	0	0	0
0	-15	0	0	0	0
0	-15	0	0	0	0
0	-20	0	0	0	0
0	-23	0	0	0	0
0	-22	0	0	0	0
0	-23	0	0	0	0
0	-23	0	0	0	0
0	-23	0	0	0	0
0	-24	0	0	0	0
0	-24	0	0	0	0
0	-23	0	0	0	0
0	-23	0	0	0	0
0	-23	0	0	0	0
0	-23	0	0	0	0
0	-23	0	0	0	0
0	-23	0	0	0	0
0	-23	0	0	0	0
0	-24	0	0	0	0
0	-27	0	0	0	0
0	-29	0	0	0	0
0	-28	0	0	0	0
0	-29	0	0	0	0
0	-23	0	0	0	0
0	-23	0	0	0	0
0	-2	0	0	0	0
-129	0	0	0	0	0
-139	0	0	0	0	0
-149	0	0	0	0	0
-159	0	0	0	0	0
-169	0	0	0	0	0
-179	0	0	0	0	0
-180 	0	0	0	0	0
-180 	0	0	0	0	0
-180 	0	0	0	0	0
-180 	0	0	0	0	0
-180 	0	0	0	0	0
-180 	0	0	0	0	0
-180 	0	0	0	0	0
-180 	0	0	0	0	0
-180 	0	0	0	0	0
-150	0	0	0	0	0
-150 	0	0	0	0	0
-150 	0	0	0	0	0
-150 	0	0	0	0	0
-150 	0	0	0	0	0
-150 	0	0	0	0	0
-150 	0	0	0	0	0
-150 	0	0	0	0	0
-150 	0	0	0	0	0
-150 	0	0	0	0	0
-150 	0	0	0	0	0
-150 	0	0	0	0	0
-140 	0	0	0	0	0
-130 	0	0	0	0	0
-120 	0	0	0	0	0
-110 	0	0	0	0	0
-100 	0	0	0	0	0
-90 	0	0	0	0	0
-90 	0	0	0	0	0
-90 	0	0	0	0	0