0	0	0	0	0
0	0	0	0	0
0	0	0	0	0
0	0	0	0	0
0	9	0	0	0
0	17	0	0	0
0	35	0	0	0
0	44	0	0	0
0	50	0	0	0
0	50	0	0	0
0	50	0	0	0
0	50	0	0	0
0	50	0	0	0
0	50	0	0	0
0	50	0	0	0
0	50	0	0	0
0	50	0	0	0
0	50	0	0	0
0	50	0	0	0
0	50	0	0	0
0	50	0	0	0
0	50	0	0	0
0	50	0	0	0
0	50	0	0	0
0	50	0	0	0
0	50	0	0	0
0	50	0	0	0
0	50	0	0	0
0	50	0	0	0
0	50	0	0	0
0	50	0	0	0
0	50	0	0	0
0	50	0	0	0
0	50	0	0	0
0	0	0	0	0
0	0	0	0	0
0	0	0	0	0
9	0	0	0	0
53	0	0	0	0
70	0	0	0	0
88	0	0	0	0
94	0	0	0	0
94	0	0	0	0
94	0	0	0	0
94	0	0	0	0
94	0	0	0	0
74	0	0	0	0
0	0	0	0	0
0	0	0	0	0
0	0	0	0	0
0	0	0	0	0
0	0	0	0	0
0	0	0	0	0
0	0	0	0	0
0	0	0	0	0
0	0	0	0	0
0	0	0	0	0
0	0	0	0	0
0	0	0	0	0
0	0	0	0	0
0	0	0	0	0
0	0	0	0	0
0	0	0	0	0
0	0	0	0	0
0	0	0	0	0
-75	0	0	0	0
-151	0	0	0	0
-160	0	0	0	0
-163	0	0	0	0
-162	0	0	0	0
-162	0	0	0	0
-162	0	0	0	0
-162	0	0	0	0
-162	0	0	0	0
-162	0	0	0	0
-162	0	0	0	0
-162	0	0	0	0
-162	0	0	0	0
-162	0	0	0	0
-162	0	0	0	0
-162	0	0	0	0
-162	0	0	0	0
-160	0	0	0	0
-160	0	0	0	0
-162	0	0	0	0
-160	0	0	0	0
-160	0	0	0	0
-160	0	0	0	0
-160	0	0	0	0
-159	0	0	0	0
-159	0	0	0	0
-159	0	0	0	0
-159	0	0	0	0
-151	0	0	0	0
-121	0	0	0	0
0	0	0	0	0
0	0	0	0	0
0	0	0	0	0
0	0	0	0	0
0	0	0	0	0
0	0	0	0	0
0	0	0	0	0
0	0	0	0	0
0	0	0	0	0
0	0	0	0	0
-14	0	0	0	0
-47	0	0	0	0
-58	0	0	0	0
-59	0	0	0	0
-59	0	0	0	0
0	0	0	0	0
0	0	0	0	0
0	0	0	0	0
0	0	0	0	0
0	0	0	0	0
0	0	0	0	0
0	0	0	0	0
0	0	0	0	0
-48	0	0	0	0
-62	0	0	0	0
-74	0	0	0	0
-72	0	0	0	0
0	0	0	0	0
0	0	0	0	0
0	0	0	0	0
0	0	0	0	0
0	-2	0	0	0
0	-31	0	0	0
0	-46	0	0	0
0	-50	0	0	0
0	-50	0	0	0
0	-50	0	0	0
0	-50	0	0	0
0	-50	0	0	0
0	-50	0	0	0
0	-50	0	0	0
0	-50	0	0	0
0	-50	0	0	0
0	-50	0	0	0
0	-50	0	0	0
0	-50	0	0	0
0	-29	0	0	0
0	0	0	0	0
0	0	0	0	0
0	0	0	0	0
0	0	0	0	0
0	0	0	0	0
0	0	0	0	0
0	0	0	0	0
0	0	0	0	0
0	0	0	0	0
0	-10	0	0	0
0	-25	0	0	0
0	-35	0	0	0
0	-46	0	0	0
0	-1	0	0	0
0	0	0	0	0
0	0	0	0	0
0	0	0	0	0
-6	0	0	0	0
-51	0	0	0	0
-59	0	0	0	0
-66	0	0	0	0
-69	0	0	0	0
-69	0	0	0	0
-69	0	0	0	0
-69	0	0	0	0
-69	0	0	0	0
-69	0	0	0	0
-69	0	0	0	0
-69	0	0	0	0
-69	0	0	0	0
-69	0	0	0	0
-69	0	0	0	0
-69	0	0	0	0
-69	0	0	0	0
-66	0	0	0	0
-66	0	0	0	0
-69	0	0	0	0
-69	0	0	0	0
-66	0	0	0	0
-69	0	0	0	0
-69	0	0	0	0
-69	0	0	0	0
-69	0	0	0	0
-69	0	0	0	0
-66	0	0	0	0
-66	0	0	0	0
-66	0	0	0	0
-66	0	0	0	0
-66	0	0	0	0
-66	0	0	0	0
-66	0	0	0	0
-66	0	0	0	0
-66	0	0	0	0
-69	0	0	0	0
0	0	0	0	0
0	0	0	0	0
0	0	0	0	0
0	0	0	0	0
0	0	0	0	0
0	0	0	0	0
0	0	0	0	0
0	0	0	0	0
0	0	0	0	0
0	0	0	0	0
0	0	0	0	0
0	0	0	0	0
0	0	0	0	0
0	0	0	0	0
0	0	0	0	0
0	0	0	0	0
0	0	0	0	0
0	0	0	0	0
0	0	0	0	0
0	0	0	0	0
0	0	0	0	0
0	0	0	0	0
0	0	0	0	0
0	0	0	0	0
0	0	0	0	0
0	0	0	0	0
0	0	0	0	0
0	0	0	0	0
0	0	0	0	0
0	0	0	0	0
0	0	0	0	0
0	0	0	0	0
0	0	0	-100	0
0	0	0	-100	0
0	0	0	-100	0
0	0	0	-100	0
0	0	0	-100	0
0	0	0	-100	0
0	0	0	-100	0
0	0	0	-100	0
0	0	0	-100	0
0	0	0	-100	0
0	7	0	-100	0
0	24	0	-100	0
0	31	0	-100	0
0	24	0	-100	0
0	0	0	-100	0
0	0	0	-100	0
0	0	0	-100	0
0	0	0	-100	0
0	0	0	-100	0
0	0	0	-100	0
0	0	0	-100	0
0	0	0	-100	0
0	0	0	-100	0
0	0	0	-100	0
0	0	0	-100	0
0	0	0	-100	0
0	0	0	-100	0
0	0	0	-100	0
0	0	0	-100	0
0	0	0	-100	0
0	0	0	-100	0
0	0	0	-100	0
0	0	0	-100	0
0	0	0	-100	0
0	0	0	0	0
0	0	0	0	0
0	0	0	0	0
0	0	0	0	0
0	0	0	0	0
0	0	0	0	0
0	0	0	0	0
0	0	0	0	0
0	0	0	0	0
0	0	0	0	0
0	0	0	0	0
0	0	0	0	0
0	0	0	0	0
0	0	0	0	0
15	0	0	0	0
47	0	0	0	0
97	0	0	0	0
137	0	0	0	0
159	0	0	0	0
170	0	0	0	0
173	0	0	0	0
165	0	0	0	0
149	0	0	0	0
132	0	0	0	0
75	0	0	0	0
0	0	0	0	0
0	0	0	0	0
0	0	0	0	0
0	0	0	0	0
0	0	0	0	0
0	0	0	0	0
0	0	0	0	0
0	7	0	0	0
0	17	0	0	0
0	28	0	0	0
0	28	0	0	0
0	26	0	0	0
0	22	0	0	0
0	21	0	0	0
0	23	0	0	0
0	32	0	0	0
0	37	0	0	0
0	50	0	0	0
0	50	0	0	0
0	50	0	0	0
0	50	0	0	0
0	50	0	0	0
0	50	0	0	0
0	50	0	0	0
0	50	0	0	0
0	0	0	0	0
0	0	0	0	0
0	0	0	0	0
0	0	0	0	0
0	0	0	0	0
0	0	0	0	0
51	0	0	0	0
118	0	0	0	0
170	0	0	0	0
184	0	0	0	0
198	0	0	0	0
200	0	0	0	0
200	0	0	0	0
200	0	0	0	0
200	0	0	0	0
198	0	0	0	0
200	0	0	0	0
198	0	0	0	0
200	0	0	0	0
190	0	0	0	0
0	12	0	0	0
0	50	0	0	0
0	50	0	0	0
0	50	0	0	0
0	50	0	0	0
0	50	0	0	0
0	50	0	0	0
0	50	0	0	0
0	50	0	0	0
0	50	0	0	0
0	50	0	0	0
0	50	0	0	0
0	50	0	0	0
0	50	0	0	0
0	50	0	0	0
0	50	0	0	0
0	50	0	0	0
0	50	0	0	0
0	50	0	0	0
0	50	0	0	0
0	0	0	0	0
0	0	0	0	0
0	0	0	0	0
0	0	0	0	0
0	0	0	0	0
0	0	0	0	0
0	0	0	0	0
0	0	0	0	0
0	0	0	0	0
0	0	0	0	0
0	0	0	0	0
