0	0	0	0	0
0	0	0	0	0
0	0	0	0	0
0	0	0	0	0
0	0	0	0	0
0	0	0	0	0
0	1	0	0	0
0	7	0	0	0
0	29	0	0	0
0	50	0	0	0
0	50	0	0	0
0	50	0	0	0
0	50	0	0	0
0	50	0	0	0
0	50	0	0	0
0	50	0	0	0
0	50	0	0	0
0	50	0	0	0
0	50	0	0	0
0	50	0	0	0
0	50	0	0	0
0	50	0	0	0
0	50	0	0	0
0	50	0	0	0
0	50	0	0	0
0	50	0	0	0
0	50	0	0	0
0	50	0	0	0
0	50	0	0	0
0	50	0	0	0
0	50	0	0	0
0	50	0	0	0
0	50	0	0	0
0	50	0	0	0
0	50	0	0	0
0	50	0	0	0
0	50	0	0	0
0	50	0	0	0
0	50	0	0	0
0	50	0	0	0
0	50	0	0	0
0	50	0	0	0
0	50	0	0	0
0	50	0	0	0
0	50	0	0	0
0	50	0	0	0
0	50	0	0	0
0	50	0	0	0
0	50	0	0	0
0	50	0	0	0
0	50	0	0	0
0	50	0	0	0
0	50	0	0	0
0	50	0	0	0
0	50	0	0	0
0	50	0	0	0
0	50	0	0	0
0	39	0	0	0
0	0	0	0	0
0	0	0	0	0
0	0	0	0	0
0	0	0	0	0
0	0	0	0	0
0	0	0	0	0
7	0	0	0	0
29	0	0	0	0
62	0	0	0	0
69	0	0	0	0
70	0	0	0	0
69	0	0	0	0
69	0	0	0	0
69	0	0	0	0
64	0	0	0	0
0	0	0	0	0
-138	0	0	0	0
-200	0	0	0	0
-200	0	0	0	0
-200	0	0	0	0
-200	0	0	0	0
-200	0	0	0	0
-200	0	0	0	0
-200	0	0	0	0
-200	0	0	0	0
-200	0	0	0	0
-125	0	0	0	0
-9	0	0	0	0
0	0	0	0	0
0	0	0	0	0
0	0	0	0	0
0	0	0	0	0
0	0	0	0	0
0	0	0	0	0
0	0	0	0	0
0	0	0	0	0
0	0	0	0	0
0	0	0	0	0
0	0	0	0	0
0	0	0	0	0
0	0	0	0	0
0	0	0	0	0
0	0	0	0	0
0	0	0	0	0
0	0	0	0	0
0	0	0	0	0
0	0	0	0	0
0	0	0	0	0
0	0	0	0	0
0	0	0	0	0
0	0	0	0	0
0	0	0	0	0
0	4	0	0	0
0	34	0	0	0
0	50	0	0	0
0	50	0	0	0
0	50	0	0	0
0	50	0	0	0
0	50	0	0	0
0	50	0	0	0
0	50	0	0	0
0	50	0	0	0
0	50	0	0	0
0	50	0	0	0
0	50	0	0	0
0	50	0	0	0
0	50	0	0	0
0	50	0	0	0
0	50	0	0	0
0	50	0	0	0
0	50	0	0	0
0	50	0	0	0
0	50	0	0	0
0	0	0	0	0
0	0	0	0	0
0	0	0	0	0
0	0	0	0	0
-4	0	0	0	0
-25	0	0	0	0
-48	0	0	0	0
-59	0	0	0	0
-59	0	0	0	0
-6	0	0	0	0
0	0	0	0	0
0	0	0	0	0
0	0	0	0	0
0	0	0	0	0
0	0	0	0	0
0	0	0	0	0
-50	0	0	0	0
-94	0	0	0	0
-96	0	0	0	0
-86	0	0	0	0
0	0	0	0	0
0	0	0	0	0
0	0	0	0	0
0	0	0	0	0
0	0	0	0	0
0	0	0	0	0
0	0	0	0	0
0	12	0	0	0
0	43	0	0	0
0	50	0	0	0
0	50	0	0	0
0	50	0	0	0
0	50	0	0	0
0	50	0	0	0
0	50	0	0	0
0	50	0	0	0
0	50	0	0	0
0	50	0	0	0
0	50	0	0	0
0	50	0	0	0
0	50	0	0	0
0	50	0	0	0
0	50	0	0	0
0	50	0	0	0
0	50	0	0	0
0	50	0	0	0
0	50	0	0	0
0	0	0	0	0
0	0	0	0	0
0	0	0	0	0
0	0	0	0	0
0	0	0	0	0
0	-27	0	0	0
0	-50	0	0	0
0	-50	0	0	0
0	-50	0	0	0
0	-50	0	0	0
0	-16	0	0	0
0	0	0	0	0
0	0	0	0	0
0	0	0	0	0
0	0	0	0	0
0	0	0	0	0
0	0	0	0	0
0	0	0	0	0
0	0	0	0	0
0	0	0	0	0
-99	0	0	0	0
-99	0	0	0	0
-99	0	0	0	0
-99	0	0	0	0
-99	0	0	0	0
-99	0	0	0	0
-99	0	0	0	0
0	0	0	0	0
0	0	0	0	0
0	0	0	0	0
0	0	0	0	0
0	0	0	0	0
0	0	0	0	0
0	0	0	0	0
0	0	0	0	0
0	0	0	0	0
0	0	0	0	0
0	0	0	0	0
0	0	0	0	0
0	0	0	0	0
0	0	0	0	0
0	0	0	0	0
0	0	0	0	0
0	0	0	0	0
0	0	0	0	0
0	0	0	0	0
0	0	0	0	0
0	0	0	0	0
0	0	0	0	0
0	0	0	0	0
0	0	0	0	0
0	0	0	0	0
0	0	0	0	0
0	0	0	0	0
0	0	0	0	0
0	0	0	0	0
0	0	0	0	0
0	0	0	0	0
0	0	0	0	0
0	0	0	0	0
0	0	0	0	0
0	0	-200	0	0
0	0	-200	0	0
0	0	-200	0	0
0	0	-200	0	0
0	0	-200	0	0
0	0	-200	0	0
0	0	-200	0	0
0	0	-200	0	0
0	0	-200	0	0
0	0	-200	0	0
0	0	-200	0	0
0	0	-200	0	0
0	0	-200	0	0
0	0	-200	0	0
-99	0	-200	0	0
-99	0	-200	0	0
0	0	-200	0	0
0	0	-200	0	0
-99	0	-200	0	0
-99	0	-200	0	0
0	0	-200	0	0
0	0	-200	0	0
-99	0	-200	0	0
-99	0	-200	0	0
0	0	-200	0	0
0	0	-200	0	0
-99	0	-200	0	0
-99	0	-200	0	0
-99	0	-200	0	0
0	0	-200	0	0
-99	0	-200	0	0
-99	0	-200	0	0
0	0	-200	0	0
0	0	-200	0	0
0	0	-200	0	0
0	0	-200	0	0
0	0	-200	0	0
-99	0	-200	0	0
-99	0	-200	0	0
0	0	-200	0	0
0	0	-200	0	0
0	0	-200	0	0
-99	0	-200	0	0
-99	0	-200	0	0
0	0	-200	0	0
0	0	-200	0	0
0	0	-200	0	0
-99	0	-200	0	0
0	0	-200	0	0
0	0	-200	0	0
0	0	-200	0	0
0	0	-200	0	0
-99	0	-200	0	0
-99	0	-200	0	0
0	0	-200	0	0
0	0	-200	0	0
-99	0	-200	0	0
0	0	-200	0	0
0	0	-200	0	0
0	0	-200	0	0
0	0	-200	0	0
-99	0	-200	0	0
-99	0	-200	0	0
0	0	-200	0	0
0	0	-200	0	0
-99	0	-200	0	0
-99	0	-200	0	0
0	0	-200	0	0
0	0	-200	0	0
-99	0	-200	0	0
-99	0	-200	0	0
-99	0	-200	0	0
0	0	-200	0	0
0	0	-200	0	0
0	0	-200	0	0
-99	0	-200	0	0
0	0	-200	0	0
0	0	-200	0	0
0	0	0	0	0
0	0	0	0	0
0	0	0	0	0
0	0	0	0	0
0	0	0	0	0
0	0	0	0	0
0	0	0	0	0
0	0	0	0	0
0	0	0	0	0
0	0	0	0	0
0	0	0	0	0
0	0	0	0	0
0	0	0	0	0
0	0	0	0	0
0	0	0	0	0
0	0	0	0	0
0	0	0	0	0
0	0	-200	0	0
0	0	-200	0	0
0	0	-200	0	0
0	0	-200	0	0
0	0	-200	0	0
0	0	-200	0	0
0	0	-200	0	0
0	0	-200	0	0
0	0	-200	0	0
0	0	-200	0	0
0	0	-200	0	0
0	0	-200	0	0
0	0	-200	0	0
0	0	-200	0	0
0	0	-200	0	0
0	0	-200	0	0
0	0	-200	0	0
0	0	-200	0	0
0	0	-200	0	0
0	0	0	0	0
0	0	0	0	0
0	0	0	0	0
0	0	0	0	0
0	0	0	0	0
0	0	0	0	0
0	0	0	0	0
0	0	0	0	0
0	0	0	0	0
0	0	0	0	0
0	0	0	0	0
0	0	0	0	0
0	0	0	0	0
0	0	0	0	0
0	0	0	0	0
0	0	0	0	0
0	0	0	0	0
0	0	0	0	0
0	0	0	0	0
0	0	0	0	0
0	0	0	0	0
0	0	0	0	0
0	0	0	0	0
0	0	0	0	0
0	0	0	0	0
0	0	0	0	0
0	0	0	0	0
0	0	0	0	0
0	0	0	0	0
0	0	0	0	0
0	0	0	0	0
0	0	0	0	0
0	0	0	0	0
0	0	0	0	0
0	0	0	0	0
0	0	0	0	0
0	0	0	0	0
0	0	0	0	0
0	0	0	0	0
0	0	0	0	0
0	0	0	0	0
0	0	0	0	0
0	0	0	0	0
0	0	0	0	0
0	0	0	0	0
0	0	0	0	0
0	0	0	0	0
0	0	0	0	0
0	0	0	0	0
0	0	0	0	0
0	0	0	0	0
0	0	0	0	0
0	0	0	0	0
0	0	0	0	0
0	0	0	0	0
0	0	0	0	0
0	0	0	0	0
