0	0	0	0	0
0	0	0	0	0
0	0	0	0	0
0	0	0	0	0
0	2	0	0	0
0	19	0	0	0
0	27	0	0	0
0	39	0	0	0
0	46	0	0	0
0	50	0	0	0
0	50	0	0	0
0	50	0	0	0
0	50	0	0	0
0	50	0	0	0
0	50	0	0	0
0	50	0	0	0
0	50	0	0	0
0	50	0	0	0
0	50	0	0	0
0	50	0	0	0
0	50	0	0	0
0	50	0	0	0
0	50	0	0	0
0	50	0	0	0
0	50	0	0	0
0	50	0	0	0
0	50	0	0	0
0	50	0	0	0
0	50	0	0	0
0	50	0	0	0
0	50	0	0	0
0	50	0	0	0
0	50	0	0	0
0	50	0	0	0
0	50	0	0	0
0	50	0	0	0
0	50	0	0	0
0	50	0	0	0
0	50	0	0	0
0	50	0	0	0
0	50	0	0	0
0	50	0	0	0
0	50	0	0	0
0	50	0	0	0
0	50	0	0	0
0	50	0	0	0
0	50	0	0	0
0	50	0	0	0
0	50	0	0	0
0	31	0	0	0
0	0	0	0	0
0	0	0	0	0
0	0	0	0	0
0	0	0	0	0
0	0	0	0	0
0	0	0	0	0
0	0	0	0	0
0	0	0	0	0
0	0	0	0	0
0	0	0	0	0
0	0	0	0	0
0	0	0	0	0
0	0	0	0	0
0	0	0	0	0
0	0	0	0	0
0	0	0	0	0
0	0	0	0	0
0	0	0	0	0
0	0	0	0	0
0	0	0	0	0
0	0	0	0	0
-4	0	0	0	0
-25	0	0	0	0
-42	0	0	0	0
-80	0	0	0	0
-77	0	0	0	0
-80	0	0	0	0
-77	0	0	0	0
-77	0	0	0	0
-77	0	0	0	0
-80	0	0	0	0
-77	0	0	0	0
-80	0	0	0	0
-77	0	0	0	0
-77	0	0	0	0
-77	0	0	0	0
-80	0	0	0	0
-81	0	0	0	0
-85	0	0	0	0
-86	0	0	0	0
-86	0	0	0	0
-86	0	0	0	0
-86	0	0	0	0
-86	0	0	0	0
-86	0	0	0	0
-86	0	0	0	0
-85	0	0	0	0
-85	0	0	0	0
0	0	0	0	0
0	0	0	0	0
0	0	0	0	0
0	0	0	0	0
0	0	0	0	0
0	0	0	0	0
0	0	0	0	0
0	0	0	0	0
0	0	0	0	0
0	0	0	0	0
0	0	0	0	0
0	0	0	0	0
0	0	0	0	0
0	0	0	0	0
0	0	0	0	0
0	0	0	0	0
0	10	0	0	0
0	22	0	0	0
0	33	0	0	0
0	50	0	0	0
0	50	0	0	0
0	50	0	0	0
0	50	0	0	0
0	50	0	0	0
0	50	0	0	0
0	50	0	0	0
0	50	0	0	0
0	50	0	0	0
0	50	0	0	0
0	50	0	0	0
0	50	0	0	0
0	50	0	0	0
0	50	0	0	0
0	50	0	0	0
0	49	0	0	0
0	0	0	0	0
0	0	0	0	0
0	0	0	0	0
-91	0	0	0	0
-163	0	0	0	0
-165	0	0	0	0
-165	0	0	0	0
-163	0	0	0	0
-151	0	0	0	0
-107	0	0	0	0
0	0	0	0	0
0	0	0	0	0
0	0	0	0	0
0	50	0	0	0
0	50	0	0	0
0	50	0	0	0
0	50	0	0	0
0	50	0	0	0
0	50	0	0	0
0	50	0	0	0
0	50	0	0	0
0	50	0	0	0
0	50	0	0	0
0	50	0	0	0
0	50	0	0	0
0	50	0	0	0
0	50	0	0	0
0	50	0	0	0
0	50	0	0	0
0	50	0	0	0
0	50	0	0	0
0	50	0	0	0
0	50	0	0	0
0	50	0	0	0
0	50	0	0	0
0	50	0	0	0
0	50	0	0	0
0	46	0	0	0
0	0	0	0	0
0	0	0	0	0
0	0	0	0	0
0	0	0	0	0
0	0	0	0	0
0	0	0	0	0
0	0	0	0	0
0	0	0	0	0
0	-1	0	0	0
0	-1	0	0	0
0	-1	0	0	0
0	0	0	0	0
0	0	0	0	0
0	0	0	0	0
0	0	0	0	0
0	0	0	0	0
0	0	0	0	0
0	0	0	0	0
0	0	0	0	0
0	0	0	0	0
0	0	0	0	0
0	0	0	0	0
0	0	0	0	0
0	0	0	0	0
0	0	0	0	0
0	0	0	0	0
0	0	-200	0	0
0	0	-200	0	0
0	0	-200	0	0
0	0	-200	0	0
0	0	-200	0	0
0	0	-200	0	0
0	0	-200	0	0
0	0	-200	0	0
0	0	-200	0	0
0	0	-200	0	0
0	0	-200	0	0
-99	0	-200	0	0
-99	0	-200	0	0
-99	0	-200	0	0
0	0	-200	0	0
0	0	-200	0	0
0	0	-200	0	0
0	0	-200	0	0
0	0	-200	0	0
0	0	-200	0	0
0	-1	-200	0	0
0	-24	-200	0	0
0	-50	-200	0	0
0	-50	-200	0	0
0	-48	-200	0	0
0	0	-200	0	0
0	0	-200	0	0
0	0	-200	0	0
0	0	-200	0	0
0	0	-200	0	0
0	0	-200	0	0
0	0	-200	0	0
-99	0	-200	0	0
-99	0	-200	0	0
-99	0	-200	0	0
-99	0	-200	0	0
-99	0	-200	0	0
0	0	-200	0	0
0	0	-200	0	0
0	0	-200	0	0
0	0	-200	0	0
0	0	-200	0	0
0	0	-200	0	0
-99	0	-200	0	0
0	0	-200	0	0
0	0	-200	0	0
0	0	-200	0	0
0	0	-200	0	0
0	0	-200	0	0
-99	0	-200	0	0
-99	0	-200	0	0
0	0	-200	0	0
0	0	-200	0	0
0	0	-200	0	0
0	0	-200	0	0
-99	0	-200	0	0
-99	0	-200	0	0
0	0	-200	0	0
0	0	-200	0	0
0	0	-200	0	0
-99	0	-200	0	0
-99	0	-200	0	0
0	0	-200	0	0
0	0	-200	0	0
0	0	-200	0	0
-99	0	-200	0	0
0	0	-200	0	0
0	0	-200	0	0
0	0	-200	0	0
-99	0	-200	0	0
0	0	-200	0	0
0	0	-200	0	0
-99	0	-200	0	0
-99	0	-200	0	0
0	0	-200	0	0
0	0	-200	0	0
-99	0	-200	0	0
-99	0	-200	0	0
0	0	-200	0	0
0	0	-200	0	0
0	0	-200	0	0
-99	0	-200	0	0
-99	0	-200	0	0
-99	0	-200	0	0
0	0	-200	0	0
0	0	-200	0	0
0	0	-200	0	0
0	0	-200	0	0
0	0	-200	0	0
0	0	-200	0	0
0	0	-200	0	0
-99	0	-200	0	0
-99	0	-200	0	0
0	0	-200	0	0
0	0	-200	0	0
0	0	-200	0	0
0	0	-200	0	0
0	0	-200	0	0
0	0	-200	0	0
-99	0	-200	0	0
-99	0	-200	0	0
-99	0	-200	0	0
0	0	-200	0	0
0	0	-200	0	0
0	0	-200	0	0
0	0	-200	0	0
0	0	-200	0	0
0	0	-200	0	0
-99	0	-200	0	0
-99	0	-200	0	0
-99	0	-200	0	0
0	0	-200	0	0
0	0	-200	0	0
0	0	-200	0	0
0	0	-200	0	0
0	0	-200	0	0
0	0	-200	0	0
0	0	-200	0	0
0	0	-200	0	0
0	0	-200	0	0
0	0	-200	0	0
0	0	-200	0	0
0	0	-200	0	0
0	0	-200	0	0
0	0	-200	0	0
0	0	-200	0	0
0	0	-200	0	0
0	0	-200	0	0
0	0	-200	0	0
0	0	-200	0	0
0	0	-200	0	0
0	0	-200	0	0
0	0	-200	0	0
0	0	-200	0	0
0	0	-200	0	0
0	0	-200	0	0
0	0	0	0	0
0	0	0	0	0
0	0	0	0	0
0	0	0	0	0
0	0	0	0	0
0	0	0	0	0
0	0	0	0	0
0	0	0	0	0
0	0	0	0	0
0	0	0	0	0
0	0	0	0	0
0	0	0	0	0
0	0	0	0	0
0	0	0	0	0
0	0	0	0	0
0	0	0	0	0
0	0	0	0	0
0	0	0	0	0
0	0	0	0	0
0	0	0	0	0
0	0	0	0	0
0	0	0	0	0
0	0	0	0	0
0	0	0	0	0
0	0	0	0	0
0	0	0	0	0
0	0	0	0	0
0	0	0	0	0
0	0	0	0	0
0	0	0	0	0
0	0	0	0	0
0	0	0	0	0
0	0	0	0	0
0	0	0	0	0
0	0	0	0	0
0	0	0	0	0
0	0	0	0	0
0	0	0	0	0
0	0	0	0	0
0	0	0	0	0
0	0	0	0	0
0	0	0	0	0
0	0	0	0	0
0	0	0	0	0
0	0	0	0	0
0	0	0	0	0
0	0	0	0	0
0	0	0	0	0
0	0	0	0	0
0	0	0	0	0
0	0	0	0	0
0	0	0	0	0
0	0	0	0	0
0	0	0	0	0
0	0	0	0	0
0	0	0	0	0
0	0	0	0	0
0	0	0	0	0
0	0	0	0	0
0	0	0	0	0
0	0	0	0	0
0	0	0	0	0
99	0	0	0	0
99	0	0	0	0
99	0	0	0	0
99	0	0	0	0
99	0	0	0	0
99	0	0	0	0
99	0	0	0	0
99	0	0	0	0
99	0	0	0	0
99	0	0	0	0
99	0	0	0	0
99	0	0	0	0
99	0	0	0	0
99	0	0	0	0
99	0	0	0	0
99	0	0	0	0
99	0	0	0	0
99	0	0	0	0
99	0	0	0	0
99	0	0	0	0
0	0	0	0	0
0	0	0	0	0
0	0	0	0	0
0	0	0	0	0
0	0	0	0	0
0	0	0	0	0
0	0	0	0	0
0	0	0	0	0
0	0	0	0	0
0	0	0	0	0
0	0	0	0	0
0	0	0	0	0
0	0	0	0	0
0	0	0	0	0
0	0	0	0	0
0	0	0	0	0
0	0	0	0	0
0	0	0	0	0
0	0	0	0	0
0	0	0	0	0
0	0	0	0	0
0	0	0	0	0
0	0	0	0	0
0	0	0	0	0
0	0	0	0	0
0	0	0	0	0
0	0	0	0	0
0	0	0	0	0
0	0	0	0	0
0	0	0	0	0
0	0	0	0	0
0	0	0	0	0
0	0	0	0	0
0	0	0	0	0
0	0	0	0	0
0	0	0	0	0
0	0	0	0	0
0	0	0	0	0
0	0	0	0	0
0	0	0	0	0
0	0	0	0	0
0	0	0	0	0
0	0	0	0	0
0	0	0	0	0
0	0	0	0	0
0	0	0	0	0
0	0	0	0	0
0	0	0	0	0
0	0	0	0	0
0	0	0	0	0
0	0	0	0	0
0	0	0	0	0
0	0	0	0	0
0	0	0	0	0
0	0	0	0	0
0	0	0	0	0
0	0	0	0	0
0	0	0	0	0
0	0	0	0	0
0	0	0	0	0
0	0	0	0	0
0	0	0	0	0
0	0	0	0	0
0	0	0	0	0
0	0	0	0	0
0	0	0	0	0
0	0	0	0	0
0	0	0	0	0
0	0	0	0	0
0	0	0	0	0
0	0	0	0	0
0	0	0	0	0
0	0	0	0	0
0	0	0	0	0
0	-2	0	0	0
0	-3	0	0	0
0	-9	0	0	0
0	-26	0	0	0
0	-39	0	0	0
0	0	0	0	0
0	0	0	0	0
0	0	0	0	0
0	0	0	0	0
0	0	0	0	0
0	0	0	0	0
0	0	0	0	0
0	0	0	0	0
0	0	0	0	0
0	0	0	0	0
